0.6388647639780308
0.5094835035759199
0.5184658995116526
0.7105046387693046
0.759411362783849
0.7240952560671935
0.582369739867974
0.5572769988481087
0.5267396317703001
0.643748491047032
0.7654019992874872
0.5443753290787268
0.4946611977406513
0.6840850078683366
0.6971478884784964
0.6663105999795433
0.6455156489442274
0.6440202149439465
0.6999885051062157
0.5711410421223049
0.743446179932731
0.46688756144321975
0.4813839533870716
0.4438123537036283
0.6373915995537398
0.5065791115449689
0.6931615977124173
0.6530195458246392
0.5927586439547828
0.6797395253150831
0.5213260146688701
0.6033347441993159
0.6691248444673918
0.6208948239510595
0.4641549751117315
0.7204811833126279
0.5486317586951521
0.7475385191899271
0.7738537088375764
0.6400041555936155
