beta = 1/2 - 10e-6
0.3739374309332732
0.33412891024292796
0.2951442616337113
0.2776522612832862
0.24337046254493494
0.26497889728664287
0.25492956602358746
0.21105557412198767
0.38503393516354323
0.3505588046498832
0.3910222358150308
0.2820923680596145
0.33439510308390585
0.2993317152728042
0.4102079288759993
0.3181954160701462
0.3862262998285651
0.2939312872599863
0.33271956346217707
0.3961937670035713
0.34905689941266527
0.3082903578539239
0.4374067626606081
0.28660659260827676
0.3288513451032629
0.32143220774597797
0.2693899771237983
0.414894627475232
0.33020032814545386
0.3374642923484554
0.3075093160436615
0.3170441939457783
0.3991900950130269
0.2718351148412764
0.36541235724048926
0.3630840563492327
0.3044812917044181
0.37345606395277237
0.36770220166732415
0.2836226407500114
beta = 3/8
0.4015006454353735
0.3594039104382352
0.32450541794928783
0.3248514407860697
0.27305111218334593
0.3085597750391064
0.308156493652364
0.2568573105793133
0.41515337296697014
0.3944884319638176
0.4414767508440481
0.3090615374311643
0.3725797917585253
0.31551730458872324
0.45801078188811367
0.3745868890346573
0.42770732989820465
0.3497504628003497
0.3910290710850562
0.4495379518798579
0.397275046589422
0.3703092145444062
0.4760858345364902
0.34467364124165795
0.38192371520509866
0.3828636882013345
0.323980729207425
0.45743171268316407
0.36098609206058097
0.37354277268542685
0.3368707537325554
0.341239360338351
0.4317135563748625
0.30543001191940405
0.4265963534980423
0.40847885227242
0.3519392063175734
0.43201547538331275
0.4090282991168751
0.3456411945744999
beta = 1/8
0.5085723385764584
0.45089779146130005
0.45634980055157415
0.4499169750395725
0.3924754655293035
0.41466444815009496
0.42088479659780076
0.3583190820451227
0.49396017167943046
0.49440484926486583
0.5574449616709741
0.3902990012987511
0.46321459724680303
0.4049742451231396
0.5585810179985015
0.47919978548958087
0.5240711955242228
0.4581228898469982
0.5131842431845997
0.55691468488278
0.5057372865896762
0.5327534641023103
0.5778726547947988
0.46647855578627684
0.48700890184403983
0.5119548129088619
0.44146471328092385
0.5414227560413376
0.4571680141729194
0.47748349309568494
0.4237017833606847
0.45277100503510054
0.5186123439800752
0.42396938716794663
0.5398120716324273
0.5202437250207719
0.46706845427760024
0.5616247894874251
0.5284042689912404
0.49032104513353775
beta = 10e-6
0.5794746404781791
0.5105806873976751
0.5628315102192577
0.5284240963327634
0.4670818388857058
0.45828430620404625
0.45677729832420233
0.40515533452179386
0.5395358071005028
0.5412902872553639
0.6151325773205492
0.438375670300104
0.509065843435899
0.4851382658690475
0.5941149825746445
0.5335740161406439
0.5558580367459233
0.49660407658859557
0.5709183701642793
0.5939749815629092
0.5489057663051914
0.6138416590390005
0.6365101512769915
0.5140305571548792
0.5313682919547011
0.5719977872336395
0.49317030878626444
0.5962310076372492
0.5163146964846281
0.5211822482788565
0.46773044108439427
0.5273774768777647
0.5822711946477848
0.5216599129225246
0.5765368698547529
0.5586671455647191
0.5049273653205913
0.6073019913141728
0.5802807629886351
0.5864307231453965
beta = 1/4
0.4489942039320467
0.40027032828425774
0.37714983464241086
0.3855708597417739
0.32270909133872894
0.3581138573511842
0.3676738971152613
0.30624008970870886
0.45034978356531136
0.44341711052682775
0.49648753917082855
0.346280297898814
0.4180517210609827
0.35176145973229106
0.5094062899974837
0.4306939402376079
0.47799051903595563
0.40601627539912544
0.4490851867950888
0.5006529182104549
0.4520738946977117
0.4485059032790064
0.5230796957976779
0.3992543247493136
0.4373426455424644
0.44598408960712915
0.38132486429989104
0.4960206409969475
0.40386204226699357
0.41727070860866644
0.37698799331294247
0.38661645271295075
0.4698279496678448
0.35738506724700864
0.4834797579123255
0.4665915166846013
0.411181814924493
0.49713381869321854
0.4670428108430303
0.4147285406628509
