beta = 1/2 - 10e-6
0.3739374309332732
0.33412891024292796
0.2951442616337113
0.2776522612832862
0.24337046254493494
0.26497889728664287
0.25492956602358746
0.21105557412198767
0.38503393516354323
0.3505588046498832
0.3910222358150308
0.2820923680596145
0.33439510308390585
0.2993317152728042
0.4102079288759993
0.3181954160701462
0.3862262998285651
0.2939312872599863
0.33271956346217707
0.3961937670035713
0.34905689941266527
0.3082903578539239
0.4374067626606081
0.28660659260827676
0.3288513451032629
0.32143220774597797
0.2693899771237983
0.414894627475232
0.33020032814545386
0.3374642923484554
0.3075093160436615
0.3170441939457783
0.3991900950130269
0.2718351148412764
0.36541235724048926
0.3630840563492327
0.3044812917044181
0.37345606395277237
0.36770220166732415
0.2836226407500114
beta = 3/8
0.4015006454353735
0.3594039104382352
0.4015006454353735
0.3594039104382352
0.32450541794928783
0.3248514407860697
0.27305111218334593
0.3085597750391064
0.308156493652364
0.2568573105793133
0.41515337296697014
0.3944884319638176
0.4414767508440481
0.3090615374311643
0.3725797917585253
0.31551730458872324
0.45801078188811367
0.3745868890346573
0.42770732989820465
0.3497504628003497
0.3910290710850562
0.4495379518798579
0.397275046589422
0.3703092145444062
0.4760858345364902
0.34467364124165795
0.38192371520509866
0.3828636882013345
0.323980729207425
0.45743171268316407
0.36098609206058097
0.37354277268542685
0.3368707537325554
0.341239360338351
0.4317135563748625
0.30543001191940405
0.4265963534980423
0.40847885227242
0.3519392063175734
0.43201547538331275
0.4090282991168751
0.3456411945744999
