beta = 1/2 - 10e-6
0.35800791664889137
0.2785006317700114
0.26965391698328356
0.24256670161215524
0.2093452222463351
0.21965931268296243
0.1984757958984635
0.1939628159050835
0.33815755252844887
0.29479409457396566
0.339953717228319
0.20958072700168018
0.2606162665888864
0.234045216080096
0.34527852667244907
0.2790459694848566
0.31416627597652
0.21368773412215528
0.25761614660270776
0.3210168642299747
0.2846020668458334
0.2837421019685014
0.3934116384957897
0.23985774146139516
0.28120635168915836
0.26149778568838383
0.22348897915811763
0.366488648977228
0.3028991140078387
0.3159753039587357
0.2716991178291756
0.2856481501785594
0.3654380505012302
0.2434166957883811
0.335395027075258
0.3095904529848525
0.276582733263326
0.31866201953883977
0.35819024269531424
0.24114997944144195
beta = 3/8
0.38329598068136544
0.3056480393032856
0.29182446558341063
0.2933584608335252
0.2344773124041632
0.2587674260958037
0.26514140073932796
0.24646727891009795
0.35927207485034285
0.3374128146455502
0.41185968571762566
0.23959858074890977
0.30148728554268
0.28064644248556186
0.3907287645792328
0.3479846995201648
0.36101957576954485
0.272581870416906
0.3216922389031642
0.36770869815089763
0.3395107762870288
0.3146457948917434
0.43730344786617553
0.2936290386890034
0.33122288410798917
0.3216630666811833
0.2690504922828293
0.3987820588116806
0.34132757107215794
0.3452449600751077
0.30419193678287293
0.3034013668679576
0.39692669624731014
0.26807842616988475
0.3910287030781765
0.3519520871180498
0.3071057524175351
0.35916339450315893
0.39040516301753436
0.31133502636633803
