beta = 1/2 - 10e-6
0.21811514606727017
0.22894340234898866
0.22032005157784917
0.22114324372956082
0.2251373276762013
0.22634015635744953
0.2278915472290745
0.22674909383967193
0.21755262256168603
0.22250860478223272
0.22546473920229088
0.21352260572471873
0.22538324212128724
0.22315051666694297
0.21606725091321372
0.228363638520359
0.21588288598436248
0.22904660156830234
0.22663029872828705
0.21786747829337672
0.2269712523154938
0.22324183647194465
0.21712034447572465
0.2154566541632352
0.22966846155122939
0.2199519963432642
0.22756645858576632
0.22564408895753016
0.22574318734856222
0.2226206983282045
0.22996230977277796
0.2254138904000936
0.220477234230011
0.2224051764247497
0.22828903269911824
0.22363017338716942
0.21416648569988328
0.22523281162139147
0.22532112715224323
0.2210868238100347
beta = 3/8
0.25832069572570987
0.27431150949436717
0.27069320828097837
0.26736273140879163
0.27137557415022284
0.2574204373554739
0.2708196008407637
0.2641023286619499
0.26730289141874974
0.2616597505674178
0.2582188494496774
0.26349159673639155
0.2642097700836601
0.26089367711120065
0.261891538308496
0.26539568348715936
0.2643038296947231
0.2603114409637394
0.271381944425751
0.25481595051772654
0.2645884366973248
0.26607503451146935
0.2659981999252013
0.2577000103035458
0.2646137894587709
0.26491857463487645
0.2631188162076704
0.259733490405585
0.2637080881505514
0.25489949133216666
0.26239589130674973
0.26007873862750475
0.26347300532690704
0.26034098634585073
0.25639829773236783
0.25512637966049356
0.26238560075615924
0.26650536148514525
0.26083154593315067
0.26317113799276404
beta = 1/8
0.3935922298096811
0.40297713673811697
0.39793944308258716
0.4057756022154828
0.40885821439679226
0.40295953208534435
0.4067998873035044
0.3987288426501485
0.40281359222448493
0.40853696471040357
0.4032320737563783
0.3943785686433351
0.4133594590718457
0.4002526898734872
0.4166423801311609
0.40063058933549384
0.408219774668133
0.4059276839319867
0.40209033083439844
0.4098722651672302
0.4081738632042002
0.3980231406454883
0.4100235251793328
0.4087281696854868
0.4054626966111461
0.4053932600833731
0.3994958886810402
0.4038466425625089
0.4055602536158642
0.40770686891507296
0.3990960416607868
0.40461505005536974
0.4107701019400431
0.3968416582411016
0.4106699099199729
0.39552861823514457
0.40436981880993744
0.40552822068264516
0.4022960160372475
0.3952514457039604
beta = 10e-6
0.49560189413619526
0.49709617060772116
0.4952362433168442
0.49310243902462636
0.49652397985361973
0.4972917391348199
0.4981838193604346
0.4961295905193943
0.49405072947680256
0.49414419412190524
0.49685171897882946
0.49189264209279265
0.49304985461219525
0.4981807009996618
0.4929767559829468
0.49988471338732027
0.493916989376939
0.49695736273655977
0.4935231040874143
0.49786789477565346
0.4951107041474825
0.4943706269577355
0.49262206305318745
0.49312594737491466
0.49650605289761496
0.49927606062056595
0.4970825405280667
0.49550660243624656
0.4958649455362771
0.4974290615900721
0.49540134260374824
0.4955547025589744
0.49420412923801166
0.4969338473890188
0.49590909110348336
0.49660553506065974
0.4948045130412595
0.49609537243888346
0.4942390610169874
0.4923075801358274
beta = 1/4
0.31643546786069665
0.3281461012508063
0.3284248083487622
0.32545294663358987
0.3303534780339926
0.3232608356402758
0.3309254170626483
0.32680565083025204
0.32360538554254875
0.32502609204174676
0.3312220875732408
0.3234512862956964
0.3251748720139349
0.3255296805697804
0.3265811737417874
0.3265940806709357
0.3353954789483382
0.32762889283762203
0.33033863332531443
0.32380912629898395
0.33255653732317175
0.32618799637990165
0.32577715331074
0.3227468137359491
0.3248041800024038
0.3243290260116115
0.3342939073455105
0.32689132853604175
0.32006574403414917
0.31665026086006937
0.3303361788096526
0.3307557120792819
0.3314757934483599
0.32366029807523256
0.3274396053237459
0.33504193570989865
0.3263498362125294
0.3231142172744931
0.33117885598188374
0.32374890328233513
0.19741975312673196
0.22516747547615582
0.2181397231041207
0.22643401606608998
0.2211654207267487
0.2019663612660522
0.19822776243574466
0.20298831985613158
0.19336232167265507
0.20359395399539704
0.18171502542456566
0.20725127668189264
0.20806331069774728
0.20786015089792215
0.1980619524473994
0.1972167766763467
0.20999172981643993
0.20032908902392793
0.2135249584699415
0.1908996872293826
0.21085868398314203
0.21654776612109294
0.21467495965559466
0.19137199283323125
0.20749986274919144
0.20912395507459888
0.20868526496075795
0.20292368940033348
0.21451680823107988
0.21985756641485288
0.2255119784007228
0.2163962084246577
0.3936773348202694
0.37976219901770236
0.40074843184668024
0.29652493683627773
0.28272694332483617
0.3129468735186416
