beta = 1/2 - 10e-6
0.2987351874614958
0.2988122098492736
0.2952841543094261
0.3016242945300227
0.3046008897217596
0.3003023508248003
0.30121950367212147
0.3015898500302142
0.2979696502256322
0.296257061788006
0.3035406288524741
0.30037172649234467
0.30320103538102994
0.30333200889098555
0.3006367536978593
0.29764379718425715
0.30809198096277396
0.2982490526519613
0.2976111096394311
0.3063996580377892
0.30138325837769103
0.2971595973643279
0.29944547664481724
0.2928539506371859
0.30326437383305277
0.3044015663592106
0.3046995048430574
0.29787780197607766
0.29850211664825943
0.30381622088252247
0.30124761901344804
0.2950122211453499
0.3001058349853292
0.29702052244851357
0.3011957249686481
0.29937800183504026
0.3052780094880962
0.299180498690965
0.29992261196753517
0.3040982398208976
beta = 3/8
0.3480434579663443
0.34865342816096206
0.34127642902314365
0.34756000673197096
0.34328954460926875
0.3465147219188455
0.34903143773640244
0.34715838734061405
0.3440222504170893
0.34473257367193155
0.34560190876761937
0.3472076616177035
0.34597037858952673
0.35008585093916894
0.34790659028317883
0.34717186819779255
0.3546310455321277
0.34717923731231287
0.35107471679519314
0.3498945208612362
0.35313502325222396
0.34440634478222076
0.35061061584596326
0.34484472379803277
0.3503221867883841
0.3473166530029106
0.34908187378478234
0.3391569256363402
0.343422116587616
0.35012343091066794
0.3471417986236811
0.34099363854498815
0.35067307968381667
0.3464998833549455
0.3473582130112013
0.34248655728252686
0.35353596180636093
0.3448029363930161
0.3469625217513397
0.3431619191701904
beta = 1/8
0.474619689998842
0.46796384756781245
0.4661305346442552
0.47154798145324894
0.46880127780856473
0.46474698793445035
0.4713269023297365
0.4679056190214577
0.47078421080678984
0.4680250287169124
0.46490825012499515
0.468246615108006
0.4677825798032407
0.46925372836508816
0.4721021886532488
0.4696988015838195
0.47193625499487524
0.47223978217239737
0.4690909135323791
0.47075426818535293
0.4673334680267308
0.4678028998871483
0.470481499148478
0.46856785250475863
0.46627188198708835
0.46502159681005956
0.4645806121352105
0.4683045431176432
0.4648500198759632
0.47058287529803006
0.46543317433246834
0.46806327482224663
0.4670748439446339
0.4696689218566626
0.4642769850531563
0.46631462965197845
0.4646781722141671
0.47055451300295315
0.47183505588837393
0.4633384935801484
beta = 10e-6
0.5310819676133873
0.5294105664509807
0.527745297561078
0.5269174551730582
0.5305821143274932
0.5314703138884274
0.5306112656392649
0.5317565255570559
0.5313875358640385
0.5278928090523173
0.5316099942739176
0.5289337973149543
0.5258742331388296
0.5323917475196782
0.5256829122841941
0.5315640402013823
0.5286831930876187
0.5326175893059566
0.5270511629332851
0.5309853634897252
0.5282428428728162
0.5277821768353466
0.5261326964966553
0.5247797090113144
0.528095254784455
0.5353527123289011
0.5304530423014053
0.530262650252079
0.530222191426075
0.5317652450974557
0.5254995204766325
0.5270161209783661
0.5258852578968611
0.5274033810016503
0.5263723055257213
0.5286199023986289
0.5264936127984404
0.5296409752103354
0.5275521037269747
0.5270887215331854
